freq_R=[35.66, 37.54, 39.37, 42.81, 46.99, 33.03, 31.25, 28.12, 24.13, 20.34, 100.7, 10.02]*1e3;
freq_H=[33.8,36.39, 38.58, 41.25, 45.17, 31.13, 29.38, 27.29, 23.19, 105.7, 10.15]*1e3;